0.369664
0.306176
0.393216
0.290816
0.302080
0.304128
0.312320
0.292864
0.310272
0.353280
0.368640
0.306176
0.398336
0.392192
0.305152
0.294944
0.325632
0.325632
0.304128
0.415744
0.289792
0.332800
0.308224
0.332800
0.317440
0.330752
0.324608
0.301056
0.322560
0.311296
0.373760
0.340992
0.386048
0.307200
0.292864
0.318464
0.321536
0.291840
0.314368
0.399360
0.409600
0.296960
0.321536
0.290784
0.288768
0.289792
0.301056
0.290816
0.286720
0.288768
0.307200
0.291840
0.368640
0.302080
0.355328
0.288736
0.290816
0.292864
0.322560
0.297984
0.323584
0.306176
0.300032
0.288768
0.301056
0.296960
0.285696
0.313344
0.308224
0.303104
0.288768
0.297984
0.301056
0.291840
0.286720
0.287744
0.291840
0.299008
0.288768
0.311296
