46.775295
4.383744
4.317184
4.370432
4.350976
4.346880
4.298752
4.279296
4.663296
4.350976
4.433920
4.432896
4.340736
4.424704
4.332544
4.314112
4.349952
4.380672
4.387840
4.319232
4.343808
4.413440
4.366336
4.371456
4.453376
4.346880
4.596736
4.326400
4.353024
4.322304
4.326400
4.489216
4.377568
4.343808
4.533248
4.222976
4.312064
4.355072
4.319232
4.360192
42.622974
4.427776
4.508672
4.363264
4.328448
4.343808
4.466688
4.453376
4.365312
4.358144
4.342784
4.367360
4.328448
4.338688
4.330496
4.347904
4.324352
4.313088
4.403200
4.426752
4.645888
4.429824
4.339712
4.438016
4.365312
4.562944
4.302848
4.431872
4.328448
4.352000
4.189184
4.368384
4.323328
4.360192
4.327424
4.355072
4.323328
4.427776
4.378624
4.356096
