0.146432
0.082944
0.092160
0.045056
0.067584
0.058368
0.056320
0.081920
0.053248
0.045056
0.052224
0.104448
0.057344
0.068608
0.137216
0.074752
0.093184
0.054272
0.110592
0.043008
0.115712
0.055296
0.053248
0.069632
0.084992
0.119808
0.053248
0.060416
0.062432
0.069632
0.060416
0.054272
0.098304
0.058368
0.073728
0.055296
0.056320
0.123904
0.114688
0.056320
0.087040
0.047104
0.044032
0.079872
0.034816
0.036864
0.034816
0.033792
0.056320
0.068608
0.044032
0.053248
0.115712
0.035840
0.036864
0.059392
0.056320
0.075776
0.035840
0.096256
0.051200
0.057344
0.034816
0.039936
0.057344
0.089088
0.091136
0.038912
0.036864
0.045056
0.047104
0.035840
0.056320
0.035840
0.044032
0.038912
0.031744
0.056320
0.113664
0.098304
