0.097280
0.035840
0.047104
0.036864
0.063488
0.069632
0.155648
0.036864
0.095232
0.048128
0.071680
0.048128
0.043008
0.048128
0.048128
0.035840
0.033792
0.076800
0.046080
0.060416
0.052224
0.078848
0.061440
0.105472
0.052224
0.045056
0.061440
0.030720
0.051200
0.091136
0.032768
0.034816
0.050176
0.060416
0.060416
0.099328
0.037888
0.032768
0.066560
0.055296
0.101376
0.046112
0.058368
0.049152
0.047104
0.044032
0.039936
0.035840
0.051200
0.038912
0.084992
0.050176
0.046080
0.071680
0.060416
0.039936
0.054272
0.041984
0.051200
0.081920
0.081920
0.073728
0.103424
0.063488
0.054272
0.049152
0.039904
0.034816
0.031744
0.034816
0.033792
0.055296
0.033792
0.063488
0.035840
0.102400
0.037888
0.032768
0.077824
0.092160
