0.128000
0.063488
0.060416
0.111616
0.055296
0.076800
0.054272
0.072704
0.069632
0.070656
0.074752
0.068608
0.058368
0.061440
0.088064
0.130048
0.118784
0.125952
0.070656
0.071680
0.129024
0.064544
0.117760
0.074752
0.070656
0.063488
0.057344
0.067584
0.069632
0.072704
0.080896
0.062464
0.081920
0.068608
0.075776
0.079872
0.091136
0.092160
0.118784
0.075776
0.162816
0.058368
0.076800
0.067584
0.064512
0.064512
0.071680
0.069632
0.069632
0.067584
0.086016
0.084992
0.083968
0.081920
0.061440
0.074752
0.146432
0.176128
0.145408
0.065536
0.097280
0.075776
0.077824
0.062464
0.071680
0.076800
0.065536
0.071680
0.070656
0.057344
0.134144
0.061440
0.061440
0.139264
0.075776
0.097280
0.062464
0.091136
0.055296
0.072704
