1.730560
1.622016
1.647616
1.640448
1.689600
1.616896
1.645568
1.640448
1.617920
1.687552
1.644544
1.651712
1.630208
1.651712
1.651712
1.651680
1.657856
1.631232
1.619968
1.617920
1.682432
1.616896
1.618944
1.628160
1.589248
1.643520
1.613824
1.591296
1.592320
1.627136
1.584128
1.583104
1.545216
1.541120
1.545248
1.577984
1.544192
1.543168
1.533952
1.534976
1.698816
1.625088
1.616896
1.640448
1.616896
1.617920
1.620992
1.629184
1.616896
1.624064
1.675264
1.648640
1.616896
1.634304
1.624064
1.626112
1.616896
1.540096
1.549312
1.570816
1.543168
1.601536
1.540096
1.546240
1.540096
1.543168
1.538048
1.540096
1.561600
1.631232
1.557504
1.571840
1.583104
1.546240
1.563648
1.478624
1.467392
1.487872
1.475584
1.470464
