1.339392
0.165888
0.149504
0.145408
0.176128
0.171008
0.207872
0.408576
0.181248
0.165888
0.166912
0.503808
0.225280
0.157696
0.157696
0.404480
0.173056
0.185376
0.162816
0.174080
0.164864
0.145408
0.151552
0.413696
0.404480
0.138240
0.595968
0.398336
0.406528
0.397312
0.165888
0.167936
0.507904
0.182272
0.181248
0.186368
0.405504
0.204800
0.175104
0.195584
1.130496
0.158720
0.135168
0.155648
0.379904
0.224256
0.157696
0.148448
0.136192
0.152576
0.175104
0.160768
0.158720
0.150528
0.180224
0.134144
0.183296
0.146432
0.132096
0.161792
0.169984
0.168960
0.164864
0.131072
0.194560
0.148480
0.182272
0.164864
0.155648
0.202752
0.141312
0.162816
0.134144
0.168960
0.161792
0.134144
0.130048
0.139264
0.141312
0.144384
