1.503232
0.209920
0.161792
0.199680
0.158720
0.171008
0.176128
0.143360
0.164864
0.156672
0.173056
0.205824
0.184320
0.202752
0.184320
0.169984
0.182272
0.161792
0.185312
0.187392
0.150528
0.416768
0.427008
0.152576
0.202752
0.165888
0.403456
0.413696
0.174080
0.411648
0.203776
0.415744
0.191488
0.193536
0.168960
0.160768
0.136192
0.438272
0.416768
0.194560
1.199104
0.136192
0.140288
0.151552
0.131072
0.154592
0.141312
0.122880
0.156672
0.157696
0.144384
0.147456
0.142336
0.106496
0.155648
0.208896
0.154624
0.154624
0.200704
0.124928
0.163840
0.165888
0.172032
0.129024
0.156672
0.166912
0.202752
0.143360
0.121856
0.113664
0.134144
0.165888
0.190464
0.123904
0.141312
0.136192
0.126976
0.171008
0.117760
0.138240
