40.607742
0.111616
0.105472
0.093184
0.096256
0.131072
0.167936
0.117760
0.090112
0.111616
0.123904
0.107520
0.080896
0.067584
0.154624
0.098304
0.107520
0.095232
0.106496
0.080896
0.101376
0.070656
0.084992
0.098304
0.100352
0.153600
0.159744
0.075808
0.072704
0.100352
0.068608
0.067584
0.059392
0.076800
0.064512
0.064512
0.061440
0.063488
0.078848
0.089088
34.278400
0.088064
0.072704
0.074752
0.083968
0.084992
0.080896
0.086016
0.078848
0.129024
0.107520
0.084992
0.095232
0.115712
0.119808
0.107520
0.106496
0.114688
0.084992
0.077824
0.075776
0.089088
0.081920
0.099328
0.101376
0.089088
0.073728
0.075776
0.073728
0.102432
0.154624
0.093184
0.093184
0.096256
0.101376
0.074752
0.075776
0.083968
0.079872
0.071680
