0.008117
0.008060
0.008046
0.008036
0.008052
0.008059
0.008024
0.008026
0.008070
0.008019
0.008019
0.008082
0.008060
0.008044
0.008059
0.008039
0.008048
0.008068
0.008061
0.008045
0.008058
0.007940
0.007938
0.008058
0.008053
0.008051
0.008139
0.008038
0.008053
0.008029
0.008018
0.008039
0.008016
0.008053
0.008042
0.008019
0.008020
0.007997
0.008150
0.008121
0.008104
0.008009
0.008042
0.008027
0.008042
0.008045
0.008016
0.008049
0.008070
0.008026
0.008090
0.008057
0.008024
0.008058
0.008014
0.008037
0.008048
0.008063
0.008014
0.008067
0.008069
0.008053
0.008053
0.008042
0.008056
0.008047
0.008076
0.008028
0.008022
0.008060
0.008017
0.008047
0.008047
0.008029
0.008053
0.008019
0.008050
0.008021
0.008031
0.008053
0.008090
0.007992
0.008080
0.007951
0.007951
0.008042
0.008024
0.008017
0.008028
0.007972
0.007942
0.008054
0.008016
0.008037
0.008022
0.008046
0.008049
0.008083
0.007950
0.008041
