0.000696
0.000684
0.000686
0.000684
0.000683
0.000682
0.000686
0.000684
0.000687
0.000691
0.000685
0.000685
0.000684
0.000684
0.000684
0.000684
0.000683
0.000684
0.000687
0.000684
0.000685
0.000685
0.000685
0.000692
0.000684
0.000685
0.000680
0.000684
0.000692
0.000683
0.000695
0.000689
0.000690
0.000688
0.000685
0.000684
0.000687
0.000686
0.000682
0.000688
0.000685
0.000681
0.000697
0.000685
0.000685
0.000694
0.000683
0.000684
0.000684
0.000687
0.000685
0.000684
0.000685
0.000684
0.000685
0.000685
0.000685
0.000695
0.000681
0.000685
0.000688
0.000724
0.000684
0.000686
0.000685
0.000684
0.000693
0.000688
0.000685
0.000693
0.000685
0.000685
0.000684
0.000685
0.000755
0.000755
0.000798
0.000739
0.000739
0.000755
0.000741
0.000741
0.000749
0.000755
0.000739
0.000748
0.000755
0.000767
0.000743
0.000742
0.000741
0.000744
0.000742
0.000744
0.000740
0.000739
0.000742
0.000743
0.000735
0.000741
