0.008064
0.008067
0.008084
0.008097
0.008159
0.008039
0.008068
0.008072
0.008058
0.008114
0.007968
0.008078
0.008076
0.008055
0.008133
0.008079
0.008081
0.008068
0.008057
0.008140
0.008094
0.008102
0.008065
0.008141
0.008079
0.008075
0.008110
0.008066
0.008136
0.008048
0.008079
0.008062
0.009135
0.009085
0.009171
0.009071
0.009057
0.009077
0.009085
0.009054
0.009164
0.009058
0.009060
0.009057
0.009107
0.009056
0.009110
0.009169
0.009172
0.009154
0.009043
0.009125
0.009074
0.009113
0.009122
0.009141
0.009080
0.009072
0.009096
0.009090
0.009083
0.009100
0.008959
0.009069
0.009062
0.009134
0.009051
0.008964
0.009056
0.009157
0.009065
0.009058
0.009065
0.009053
0.009045
0.009116
0.009055
0.009091
0.009083
0.008995
0.009137
0.009071
0.009064
0.009070
0.009083
0.009100
0.009062
0.009055
0.009088
0.009099
0.009114
0.008991
0.009088
0.009089
0.009058
0.009054
0.009116
0.009074
0.009060
0.009051
