<<<<<<< HEAD
93.453316
0.378880
0.372736
0.841728
0.632832
0.708608
0.313344
0.381952
0.689152
0.502784
0.307200
0.355328
0.315392
0.335872
0.221184
0.384000
0.330752
0.328704
0.361472
0.300032
0.354304
0.349184
0.234496
0.404480
0.309248
0.361472
0.371712
0.222208
0.321536
0.459776
0.344064
0.248832
0.326656
0.337920
0.330752
0.240640
0.258048
0.261120
0.323584
0.490496
40.982494
0.180224
0.185344
0.187392
0.186368
0.303104
0.188416
0.187392
0.183296
0.169984
0.231424
0.203776
0.190464
0.202752
0.196608
0.200704
0.230400
0.267264
0.254976
0.189440
0.241664
0.230400
0.194560
0.194560
0.230400
0.185344
0.200704
0.193536
0.175104
0.203776
0.206848
0.184320
0.194560
0.188416
0.244736
0.201728
0.196608
0.205824
0.211968
0.281600
41.057281
0.376832
0.238592
0.215040
0.236544
0.190464
0.237568
0.169984
0.173056
0.378880
0.271360
0.192512
0.173056
0.184320
0.242688
0.192512
0.177152
0.184320
0.195584
0.178208
0.204800
0.198656
0.239616
0.249856
0.190464
0.180224
0.174080
0.174080
0.231424
0.181248
0.177152
0.184320
0.190464
0.194560
0.177152
0.189440
0.205824
0.178176
0.240640
0.246784
47.797249
0.191488
0.174080
0.222208
0.172064
0.218112
0.207872
0.204800
0.174080
0.188416
0.204800
0.174080
0.176128
0.185344
0.188416
0.363520
0.174080
0.254976
0.198656
0.229376
0.179200
0.181248
0.190464
0.181248
0.173056
0.382976
0.180224
0.173056
0.171008
0.306176
0.181248
0.178176
0.236544
0.198656
0.172032
0.168960
0.308224
0.188416
0.178176
0.175104
=======
57.243649
0.303104
0.182272
0.194560
0.171008
0.249856
0.220160
0.189440
0.192512
0.176128
0.193536
0.199680
0.186368
0.236544
0.299008
0.187392
0.356352
0.247808
0.193536
0.201728
0.190464
0.199680
0.167936
0.166912
0.163840
0.206848
0.190464
0.191488
0.218112
0.188416
0.192512
0.155648
0.185344
0.188416
0.168960
0.153600
0.204800
0.193536
0.166912
0.177152
>>>>>>> 19ddcf341d5fc96b930d9dc70e0f7917b4be4c98
