48.191486
0.103424
0.074752
0.074752
0.066560
0.106496
0.086016
0.080896
0.095232
0.083968
0.100352
0.110592
0.119808
0.099328
0.156672
0.124928
0.112640
0.091136
0.071680
0.126976
0.138240
0.083968
0.130048
0.108544
0.118784
0.119808
0.104448
0.088064
0.071680
0.116736
0.079872
0.135168
0.137216
0.117760
0.105472
0.088064
0.137216
0.107520
0.116736
0.144384
34.423809
0.119808
0.126976
0.107520
0.095232
0.079872
0.070656
0.086016
0.091136
0.073728
0.078848
0.077824
0.066560
0.087040
0.104448
0.089088
0.078848
0.069632
0.087040
0.071680
0.071680
0.073728
0.080896
0.075776
0.093184
0.087040
0.100352
0.081920
0.072704
0.066560
0.100352
0.074752
0.087040
0.088064
0.099328
0.080896
0.108544
0.082944
0.081920
0.073728
