0.000269
0.000274
0.000273
0.000231
0.000302
0.000230
0.000241
0.000256
0.000279
0.000267
0.000263
0.000261
0.000260
0.000241
0.000256
0.000232
0.000272
0.000239
0.000242
0.000294
0.000348
0.000318
0.000322
0.000430
0.000286
0.000386
0.000323
0.000252
0.000344
0.000256
0.000228
0.000245
0.000344
0.000264
0.000243
0.000324
0.000305
0.000387
0.000317
0.000291
0.000250
0.000307
0.000257
0.000266
0.000346
0.000305
0.000246
0.000271
0.000246
0.000374
0.000238
0.000275
0.000395
0.000256
0.000256
0.000288
0.000292
0.000311
0.000258
0.000276
0.000280
0.000306
0.000239
0.000274
0.000259
0.000247
0.000266
0.000249
0.000264
0.000288
0.000302
0.000224
0.000242
0.000276
0.000262
0.000276
0.000239
0.000276
0.000253
0.000279
0.000271
0.000232
0.000250
0.000266
0.000281
0.000249
0.000306
0.000248
0.000241
0.000279
0.000240
0.000266
0.000242
0.000247
0.000328
0.000290
0.000323
0.000237
0.000261
0.000285
