0.000162
0.000188
0.000161
0.000185
0.000210
0.000161
0.000161
0.000161
0.000184
0.000163
0.000188
0.000169
0.000199
0.000223
0.000162
0.000171
0.000183
0.000162
0.000160
0.000186
0.000210
0.000162
0.000188
0.000163
0.000183
0.000162
0.000161
0.000191
0.000162
0.000257
0.000181
0.000163
0.000175
0.000204
0.000219
0.000162
0.000199
0.000208
0.000200
0.000241
0.000198
0.000236
0.000244
0.000202
0.000194
0.000176
0.000161
0.000172
0.000175
0.000184
0.000166
0.000161
0.000161
0.000180
0.000182
0.000232
0.000186
0.000242
0.000179
0.000190
0.000179
0.000196
0.000191
0.000191
0.000178
0.000162
0.000162
0.000212
0.000215
0.000163
0.000171
0.000171
0.000217
0.000190
0.000195
0.000185
0.000195
0.000162
0.000162
0.000160
0.000160
0.000195
0.000181
0.000172
0.000163
0.000161
0.000193
0.000210
0.000161
0.000233
0.000258
0.000161
0.000188
0.000164
0.000164
0.000163
0.000266
0.000207
0.000167
0.000162
0.000164
