0.000654
0.000707
0.000652
0.000739
0.000656
0.000633
0.000659
0.000689
0.000653
0.000646
0.000660
0.000638
0.000670
0.000646
0.000652
0.000686
0.000778
0.000744
0.000696
0.000649
0.000656
0.000682
0.000638
0.000713
0.000667
0.000683
0.000742
0.000716
0.000716
0.000699
0.000791
0.000745
0.000672
0.000698
0.000762
0.000742
0.000674
0.000723
0.000673
0.000744
0.000712
0.000662
0.000657
0.000654
0.000716
0.000639
0.000674
0.000943
0.000728
0.000645
0.000705
0.000706
0.000682
0.000729
0.000657
0.000634
0.000640
0.000656
0.000701
0.000718
0.000699
0.000624
0.000662
0.000710
0.000636
0.000685
0.000666
0.000697
0.000645
0.000647
0.000655
0.000736
0.000637
0.000641
0.000842
0.000637
0.000803
0.000659
0.000663
0.000768
0.000733
0.000679
0.000777
0.000667
0.000755
0.000738
0.000699
0.000717
0.000674
0.000659
0.000674
0.000761
0.000921
0.000740
0.000645
0.000647
0.000694
0.000670
0.000706
0.000732
