<<<<<<< HEAD
47.947777
0.250880
0.277504
0.317440
0.205824
0.281600
0.446464
0.288768
0.210944
0.218112
0.317440
0.296960
0.182304
0.276480
0.272384
0.242688
0.177152
0.196608
0.180224
0.184320
0.176128
0.187392
0.237568
0.190464
0.172032
0.185344
0.174080
0.178176
0.166912
0.225280
0.194560
0.178176
0.186368
0.196608
0.198656
0.265216
0.166912
0.192512
0.166912
0.173056
44.602367
0.262144
0.211968
0.286720
0.269312
0.270336
0.239616
0.272384
0.287744
0.244736
0.188416
0.246784
0.242688
0.283648
0.294912
0.302080
0.264192
0.267232
0.253952
0.316416
0.224256
0.185344
0.193536
0.205824
0.299008
0.299008
0.225280
0.164864
0.178176
0.200704
0.179200
0.171008
0.165888
0.220128
0.187392
0.264192
0.166912
0.241664
0.260096
0.310272
39.961601
0.198656
0.187392
0.211968
0.193536
0.263168
0.199680
0.201760
0.210944
0.546816
0.186368
0.187392
0.200704
0.181248
0.304128
0.205824
0.180224
0.235520
0.226304
0.252928
0.197632
0.221184
0.197632
0.206848
0.198656
0.183296
0.217088
0.203776
0.192512
0.195584
0.193536
0.227328
0.193536
0.244736
0.205824
0.197632
0.225280
0.193536
0.239616
0.198656
40.275967
0.269312
0.182272
0.172032
0.173056
0.179168
0.191456
0.183296
0.219136
0.278528
0.199680
0.177152
0.162816
0.268288
0.448512
0.186368
0.201728
0.197664
0.235520
0.517120
0.204800
0.190464
0.183296
0.190464
0.167936
0.211968
0.208896
0.203776
0.261120
0.190464
0.164864
0.288768
0.172032
0.168960
0.157696
0.225280
0.206848
0.165888
0.193536
0.254976
54.245377
0.276480
0.171008
0.204800
0.178176
0.188416
0.287744
0.248832
0.286720
0.218112
0.274432
0.266240
0.286752
0.240640
0.270336
0.222208
0.204800
0.194560
0.272384
0.238592
0.207872
0.203776
0.188416
0.235488
0.259072
0.302080
0.182272
0.185344
0.334848
0.245760
0.174080
0.261120
0.291840
0.311296
0.184320
0.261120
0.261120
0.227328
0.274432
0.191488
45.992962
0.261120
0.135168
0.219136
0.178176
0.226304
0.241664
0.189440
0.234496
0.135168
0.277536
0.172032
0.174080
0.167936
0.270336
0.400384
0.173056
0.268288
0.260096
0.257024
0.183296
0.177152
0.192512
0.176128
0.169984
0.355328
0.200704
0.168960
0.171008
0.286720
0.172032
0.176128
0.186368
0.271360
0.200704
0.178176
0.165888
0.218112
0.181248
0.185344
=======
52.836353
0.290816
0.251904
0.253952
0.237568
0.181248
0.236544
0.199680
0.249856
0.183296
0.305152
0.198656
0.176128
0.280576
0.192512
0.244736
0.184320
0.203776
0.215008
0.192512
0.182272
0.183296
0.172032
0.188416
0.178176
0.221184
0.201728
0.252928
0.215040
0.189440
0.199680
0.223232
0.193536
0.288768
0.182272
0.267264
0.223232
0.265216
0.192512
0.212992
>>>>>>> 19ddcf341d5fc96b930d9dc70e0f7917b4be4c98
