47.233025
1.269760
1.250304
1.270784
1.234944
1.389568
1.281024
1.425408
1.278976
1.262592
1.211392
1.302528
1.310720
1.235968
1.315840
1.277952
1.229824
1.247232
1.235968
1.238016
1.251328
1.248256
1.265664
1.271808
1.256448
1.217536
1.254400
1.334272
1.249280
1.241088
1.302528
1.241088
1.217536
1.224704
1.278976
1.232896
1.249280
1.275904
1.244160
1.314816
41.726974
1.318912
1.286144
1.216512
1.291264
1.328128
1.372160
1.242112
1.228800
1.324032
1.349632
1.223680
1.246208
1.251328
1.273856
1.246208
1.252352
1.234944
1.303552
1.295360
1.294336
1.230848
1.269760
1.221632
1.235968
1.356800
1.241088
1.272832
1.249280
1.233888
1.229824
1.302528
1.285120
1.315840
1.232896
1.324032
1.294336
1.270784
1.302528
1.350656
