1.799867
0.000063
0.000086
0.000070
0.000057
0.000063
0.000072
0.000073
0.000071
0.000061
0.000054
0.000060
0.000060
0.000070
0.000063
0.000087
0.000076
0.000063
0.000060
0.000065
0.000088
0.000080
0.000077
0.000063
0.000059
0.000102
0.000075
0.000092
0.000090
0.000079
0.000108
0.000102
0.000076
0.000071
0.000073
0.000078
0.000088
0.000098
0.000091
0.000075
0.000092
0.000062
0.000086
0.000056
0.000059
0.000077
0.000078
0.000060
0.000063
0.000077
0.000087
0.000061
0.000059
0.000080
0.000061
0.000085
0.000066
0.000056
0.000096
0.000063
0.000082
0.000084
0.000079
0.000087
0.000069
0.000062
0.000075
0.000071
0.000100
0.000078
0.000100
0.000057
0.000085
0.000057
0.000060
0.000061
0.000080
0.000063
0.000049
0.000061
0.000056
0.000068
0.000058
0.000077
0.000060
0.000087
0.000070
0.000063
0.000062
0.000061
0.000077
0.000079
0.000080
0.000062
0.000084
0.000072
0.000069
0.000060
0.000059
0.000063
0.000073
