43.836414
0.647168
0.646144
0.720896
0.637952
0.617472
0.617472
0.617472
0.655360
0.621568
0.632832
0.616448
0.675840
0.656384
0.624640
0.626688
0.629760
0.661504
0.636928
0.617472
0.634880
0.648192
0.652288
0.616448
0.694272
0.641024
0.625664
0.609280
0.647168
0.625664
0.657408
0.626688
0.617472
0.618496
0.615424
0.635904
0.607232
0.613376
0.671744
0.667648
54.689793
0.633856
0.641024
0.621568
0.627712
0.654336
0.658432
0.618496
0.611328
0.642048
0.615424
0.625664
0.607232
0.632832
0.635904
0.636928
0.615424
0.621568
0.612352
0.658432
0.611328
0.652288
0.620544
0.613376
0.637952
0.616448
0.632832
0.637952
0.646144
0.635904
0.616448
0.617472
0.613376
0.624640
0.625664
0.637952
0.644096
0.628736
0.612352
0.648192
