0.000083
0.000111
0.000108
0.000153
0.000131
0.000151
0.000115
0.000091
0.000236
0.000082
0.000103
0.000190
0.000089
0.000094
0.000094
0.000105
0.000095
0.000108
0.000115
0.000103
0.000115
0.000089
0.000096
0.000078
0.000124
0.000096
0.000089
0.000122
0.000161
0.000137
0.000113
0.000138
0.000119
0.000140
0.000112
0.000108
0.000081
0.000114
0.000108
0.000119
0.000104
0.000162
0.000114
0.000117
0.000126
0.000217
0.000110
0.000150
0.000110
0.000153
0.000186
0.000111
0.000124
0.000098
0.000106
0.000080
0.000083
0.000144
0.000097
0.000092
0.000114
0.000094
0.000082
0.000280
0.000093
0.000123
0.000081
0.000100
0.000113
0.000151
0.000088
0.000128
0.000091
0.000081
0.000110
0.000145
0.000080
0.000109
0.000079
0.000098
0.000193
0.000083
0.000101
0.000094
0.000128
0.000102
0.000087
0.000077
0.000092
0.000097
0.000143
0.000080
0.000097
0.000043
0.000099
0.000127
0.000148
0.000106
0.000137
0.000091
