139.489273
8.304672
45.839329
8.343552
68.690941
0.248832
64.342018
0.244736
40.868862
0.201728
46.305279
0.329728
83.511299
0.381952
34.416641
1.449984
0.000000
49.635326
1.347584
141.261826
1.426432
264.647675
12.475392
252.051453
344.299530
394.851318
117.628929
51.817471
10.018816
232.905731
118.358017
410.891266
517.498901
57.036800
14.551040
107.899902
64.396286
98.330627
66.012161
125.930496
64.412674
57.955330
4.105216
352.379913
110.518272
191.892487
0.984064
43.317249
0.134144
52.747265
8.043520
42.587135
7.458816
42.807297
7.433216
234.063873
293.901306
318.543884
447.407135
415.508514
308.175873
178.966522
213.970947
33.522690
0.133120
30.178305
0.109568
28.266497
0.122880
124.040192
7.475200
52.361217
7.240704
35.763199
7.277568
40.584190
7.201792
150.511612
111.144958
145.804291
470.355927
144.398331
506.185730
139.321350
109.510658
160.038910
258.068481
108.954620
0.108544
0.068608
34.827263
0.074752
0.069632
81.262589
0.836608
0.778208
51.515392
7.294976
7.303168
48.993279
7.212032
7.281664
41.694206
7.298048
7.281664
42.006527
7.337984
7.357440
38.772736
0.432128
0.443392
49.318913
3.667968
3.692544
48.837631
3.706880
3.698688
44.859390
0.445440
0.411648
35.475456
0.430080
0.424928
71.858177
33.186817
32.237568
75.291649
33.723392
32.351231
845.813782
1696.800781
1696.991211
942.108704
871.910461
872.773621
398.420990
680.268799
660.314087
192.283875
372.579956
178.500153
185.447906
170.274429
170.507935
325.200317
36.482655
37.842785
59.624447
33.119232
32.048126
59.072514
32.765953
32.205826
59.174911
32.330753
31.838207
52.935680
32.808960
31.870975
26.023935
0.226304
0.256000
50.421761
16.511999
16.317440
38.567936
16.850945
16.303104
68.988930
16.830463
16.774143
98.334717
82.812897
82.765823
95.551491
82.579453
82.480064
31.650816
16.600063
16.579584
53.214207
16.619520
16.118784
39.103489
16.577536
16.646145
365.849579
17.875969
17.219584
40.484863
16.628736
16.474112
41.814014
16.736256
16.673792
61.066238
16.783360
16.702463
40.354816
16.754656
16.594944
48.461823
16.924671
16.651264
42.315777
82.727936
82.847710
38.812672
16.746496
16.728064
52.044800
16.629761
16.836609
47.632385
16.642048
16.653313
43.487232
16.695295
16.637953
38.593536
16.551935
16.791552
43.689983
16.784384
16.869375
69.554176
16.558081
16.898048
45.243393
16.742399
16.539648
42.727425
16.729088
16.249857
51.628033
16.740353
16.818176
36.899841
1.051648
1.000448
63.545345
1.061888
1.117184
47.609856
0.076800
0.036864
40.666111
0.051200
0.060416
46.772224
0.077824
0.054272
38.892544
0.065536
0.032800
41.808895
0.045056
0.041984
43.090942
0.084992
0.091136
41.633793
0.057344
0.048128
53.530624
16.717825
16.335873
114.587646
16.625664
16.774143
92.073982
0.633856
0.618496
39.643135
0.631808
0.611328
45.241344
0.638976
0.613376
0.640000
0.650240
0.641024
0.657408
0.691200
0.635904
0.648192
50.064384
0.621568
0.640000
0.638976
0.644096
0.651264
0.653312
0.633856
0.641024
0.642048
36.517887
0.606208
0.620544
0.590848
0.652288
0.596992
0.599040
0.590848
0.612352
0.585728
33.932289
1.602560
1.635328
1.619968
1.644544
1.635328
1.599488
1.630208
1.632256
1.600512
37.777409
0.508928
0.492544
0.468992
0.518144
0.475136
0.492544
0.488448
0.529408
0.581632
27.194368
0.494592
0.498688
0.559104
0.476160
0.512000
0.510976
0.510976
0.481280
0.498688
43.363297
0.327680
0.200704
0.198656
0.178176
0.178176
0.277504
0.340000
0.206848
0.200704
54.097919
0.260096
0.217088
0.201728
0.215040
0.283648
0.202752
0.210944
0.202752
0.203776
47.175678
0.222208
0.224256
0.227360
0.202752
0.229376
0.187392
0.206848
0.190464
0.182272
27.060225
0.485376
0.472064
0.470016
0.557056
0.535552
0.666624
0.503808
0.532480
0.475136
36.325375
0.595968
0.527360
0.538624
0.516096
0.530432
0.493568
0.509952
0.512992
0.471040
33.953793
0.638976
0.614400
0.531456
0.504832
0.530432
0.496640
0.545792
0.513056
0.505856
34.904064
0.485376
0.528384
0.513024
0.562176
0.495616
0.507904
0.481280
0.485376
0.482304
54.931458
0.530432
0.508928
0.529408
0.559104
0.505856
0.488448
0.502784
0.542720
0.499712
31.292416
0.601088
0.503808
0.479232
0.525312
0.514048
0.525312
0.589824
0.514016
0.542720
93.550591
0.533504
0.482304
0.488448
0.486400
0.589824
0.501760
0.489472
0.495616
0.552960
25.196545
0.498688
0.510976
0.547840
0.515072
0.535552
0.533504
0.540672
0.555008
0.502784
26.034176
0.563200
0.508928
0.568320
0.530432
0.519168
0.526336
0.500736
0.477184
0.526336
39.264256
0.527360
0.540672
0.493568
0.476160
0.479232
0.538624
0.556064
0.521216
0.549888
38.034431
0.509952
0.473088
0.500736
0.545792
0.496640
0.512000
0.481280
0.651264
0.502784
28.749825
0.526336
0.486400
0.475136
0.533504
0.508928
0.470016
0.561152
0.458752
0.467968
39.905281
0.516096
0.688128
0.494592
0.516096
0.559104
0.714752
0.569344
0.493568
0.550912
57.189377
0.474112
0.590848
0.476160
0.526336
0.535552
0.562176
0.531456
0.496640
0.549888
42.513409
0.540672
0.543744
0.520192
0.535552
0.534528
0.505856
0.479232
0.481280
0.521216
26.817535
0.478208
0.501760
0.482304
0.514048
0.561152
0.505856
0.573440
0.488480
0.489472
32.851967
0.502784
0.488448
0.447488
0.519168
0.545792
0.501760
0.534528
0.490496
0.537600
39.328770
0.627712
0.546816
0.504832
0.464896
0.460800
0.621568
0.638976
0.485376
0.476160
39.504894
0.504832
0.540672
0.506880
0.494592
0.590848
0.553952
0.528384
0.487424
0.494592
39.453697
0.474112
0.539648
0.533504
0.490496
0.466944
0.485376
0.476160
0.560128
0.479232
88.977409
0.486400
0.490496
0.470016
0.475136
0.485376
0.489472
0.453632
0.470016
0.455680
41.052158
0.484352
0.602112
0.507904
0.524288
0.602112
0.561152
0.536576
0.553984
0.575488
33.059841
0.525312
0.495616
0.499712
0.547840
0.478208
0.526336
0.484352
0.485376
0.499712
68.247551
0.173056
0.209920
0.217088
0.198656
0.219136
0.246784
0.201728
0.190464
0.206848
47.930367
0.224256
0.172032
0.181248
0.209920
0.223232
0.250880
0.196608
0.224256
0.184320
43.215874
0.193536
0.175104
0.182272
0.186368
0.177152
0.200704
0.183296
0.214016
0.176128
49.519615
0.182272
0.201728
0.197632
0.175104
0.173056
0.179200
0.200704
0.191488
0.192512
37.823486
0.168960
0.177152
0.202752
0.210944
0.199680
0.195584
0.195584
0.179200
0.205824
62.839809
0.210944
0.186368
0.201760
0.194560
0.217088
0.198656
0.202752
0.195584
0.187392
46.439423
0.171008
0.199680
0.187392
0.196608
0.182272
0.236544
0.167936
0.177152
0.168960
39.609344
0.194560
0.200704
0.208896
0.220160
0.197632
0.245760
0.200704
0.177152
0.202752
28.338177
0.638976
0.501760
0.504832
0.504832
0.484352
0.505856
0.523264
0.538624
0.520192
33.521664
0.344064
0.331808
0.327680
0.330752
0.358400
0.316416
0.381952
0.374784
0.350208
31.546368
0.311296
0.395264
0.311296
0.273408
0.368640
0.278528
0.286720
0.296960
0.285696
28.069887
0.838656
0.868352
0.847872
0.885760
0.867328
1.001472
0.945152
0.825344
0.880640
35.937279
0.866304
0.821248
0.837632
0.822272
0.930816
0.866304
0.807904
0.837632
0.827392
35.305473
0.856064
0.897024
0.884736
0.854016
0.807936
0.888832
0.844800
0.888832
0.799744
33.305599
0.869376
0.808960
0.854016
0.866304
0.837632
0.808960
0.886784
0.816128
0.882688
31.097889
5.357568
5.219360
5.238784
5.319648
5.334048
5.332992
5.287936
5.265440
5.204992
37.822464
0.875520
0.844800
0.825344
0.877568
0.887808
0.849920
0.914432
0.833536
0.831488
27.009024
0.919552
0.883712
0.816128
0.827392
0.839680
0.781312
0.793600
0.811008
0.849920
36.626431
0.904192
0.802816
0.825344
0.856064
0.864256
0.847872
0.790528
0.820224
0.860160
29.415424
0.821248
0.963584
0.827392
0.875520
0.800768
0.909312
0.802816
0.823296
0.862208
43.553791
0.818176
0.862208
0.828416
0.897024
0.860160
0.883712
0.778240
0.856064
0.855040
39.583744
0.984064
0.903168
0.845824
0.918528
0.917504
0.827392
0.845824
0.851968
0.953344
27.163649
0.858112
0.870400
0.833536
0.816128
0.820224
0.883712
1.001472
0.827392
0.876544
43.425758
5.287936
5.382112
5.251072
5.215232
5.258240
5.262304
5.290016
5.329920
5.270528
51.851265
5.318656
5.303264
5.317632
5.381120
5.295072
5.365760
5.294048
5.284864
5.266400
52.442112
5.332000
5.287936
5.348352
5.311488
5.312512
5.364736
5.267424
5.324768
5.458944
29.247520
5.269536
5.422048
5.299168
5.304288
5.316576
5.301280
5.279776
5.294112
5.355520
28.526592
0.970752
0.975872
0.995328
5.263360
5.241824
5.301248
5.281760
5.278688
5.297184
50.197472
5.352448
5.258240
5.279712
5.345312
5.222368
5.348352
5.323776
5.244960
5.295072
33.903584
5.280768
5.516320
5.338080
5.408800
5.356512
5.416992
5.416960
5.287968
5.319712
60.562401
5.339136
5.318656
5.307424
5.342240
5.296128
5.278752
5.355488
5.325824
5.259296
38.646751
5.289952
5.367808
5.245952
5.270528
5.225472
5.235712
5.270528
5.276704
5.285856
42.420223
5.285856
5.307392
5.335040
5.445632
5.317664
5.297184
5.266464
5.368832
5.307424
46.307362
5.382176
5.369888
5.308416
5.254112
5.506048
5.247008
5.331936
5.340192
5.344256
40.459263
0.829440
0.885760
0.801792
0.855040
0.901120
0.891936
0.860160
0.827392
0.839680
47.149055
0.887808
0.863232
0.868352
0.882688
0.825344
0.851968
0.856064
0.996352
0.797696
47.765503
0.930816
0.906240
1.180672
0.896000
0.870400
0.819200
0.882688
0.933888
0.987136
33.380352
5.355488
5.302304
5.282816
5.252096
5.298176
5.239776
5.323776
5.222432
5.276704
33.928162
5.330944
5.347360
5.368800
5.254144
5.241824
5.263360
5.336064
5.364704
5.325824
23.968767
0.829440
0.866304
0.866304
0.885760
0.857088
0.837632
0.814080
0.841728
0.874496
38.112255
0.858112
0.924672
0.796672
0.792576
0.888832
0.926720
0.850944
0.904160
0.907264
36.604927
1.504256
1.497088
1.484800
1.458176
1.484768
1.519616
1.561600
1.495040
1.437696
83.148804
1.502208
1.483776
1.474560
1.472512
1.452032
1.438720
1.448960
1.458176
1.444864
30.530560
1.486848
1.492992
1.510400
1.551360
1.507328
1.491968
1.597440
1.487872
1.459200
59.389954
1.633280
1.687552
1.939456
1.503232
1.528832
1.532928
1.478656
1.528832
1.464320
60.740608
1.696768
1.507328
1.570816
1.505280
1.498112
1.502208
1.472512
1.498112
1.577984
34.661377
1.401856
1.529856
1.507328
1.505280
1.520640
1.548288
1.528832
1.444864
1.524736
30.225409
1.494016
1.466368
1.494016
1.479680
1.496064
1.516544
1.525760
1.531904
1.560576
37.374977
1.549312
1.510400
1.468416
1.529856
1.451008
1.507328
1.488896
1.458176
1.458176
58.807297
1.502208
1.633280
1.553408
1.605632
1.563648
1.519616
9.816032
9.905120
9.979904
43.700226
1.617920
1.551360
1.560576
1.489920
1.565696
1.599488
1.556480
1.520640
1.518592
32.697346
1.548288
1.510400
1.513472
1.541120
1.629184
1.483776
1.585152
1.467392
1.542144
36.453377
1.498112
1.430528
1.476608
1.565696
1.527808
1.531904
1.570816
1.546240
1.509376
46.744576
21.358591
20.859903
20.579329
20.628481
20.768768
20.608000
21.645311
21.563393
21.655552
46.960640
21.586945
20.759552
20.652033
20.635649
20.554752
20.600832
20.689920
21.831680
21.216255
43.689983
20.677631
20.564993
20.679680
20.489216
20.634624
20.595713
20.652033
20.604927
20.625408
41.348095
20.570112
20.623360
20.593664
20.509695
20.577280
20.447231
20.596737
20.624384
20.655104
39.889919
20.703232
20.559872
20.574207
20.481024
20.527103
20.642817
20.665344
20.566015
20.525057
43.911167
20.625408
20.563999
20.584448
20.599808
20.583424
20.531200
20.480000
20.605951
20.559872
46.907391
20.666368
20.582399
20.533249
20.589567
20.587521
20.497408
20.507648
20.670464
20.498432
44.418049
21.584896
20.721664
20.568064
20.567039
20.555777
20.604927
20.596737
20.562944
20.488192
42.673153
21.431295
20.797440
20.521984
20.594688
20.492289
20.500481
20.606976
20.614143
20.504576
43.524097
21.585920
20.851711
20.500481
20.575232
20.537344
20.588545
20.519936
20.505600
20.559872
42.474495
21.557247
20.747265
20.482048
20.570112
20.476929
20.671455
20.508673
20.629503
20.564993
44.727295
21.630976
20.824064
20.564993
20.556801
20.509695
20.556801
20.604927
20.623360
20.545536
47.477760
21.584896
20.739073
20.679680
20.572161
20.512768
20.546560
20.762625
20.548609
20.552704
48.026623
20.608000
20.581375
20.524033
20.643841
20.525057
20.543488
20.515841
20.641792
20.579329
41.000961
20.806656
20.728800
20.511744
20.640768
20.562944
20.714497
20.679680
20.653055
20.631552
44.729343
20.953089
20.537312
21.416960
21.572609
21.661695
21.003296
21.433344
21.577728
21.677055
47.204353
21.098495
20.505600
20.503551
20.613119
20.551680
20.600832
20.628481
20.552704
20.484097
39.421951
20.595713
20.721664
20.604927
20.676607
20.688896
20.614143
21.676031
21.625856
20.721664
43.119617
20.626432
153.088989
153.029663
20.987904
21.045248
21.598207
21.669888
20.992001
22.290432
50.500607
20.596737
20.579329
20.726784
20.720640
20.621311
20.629503
20.635649
20.660225
21.222401
42.857471
20.670464
20.560896
20.726784
20.605951
20.593664
20.625408
20.581375
20.636671
20.696064
86.970367
0.843776
0.821248
0.824320
0.831488
0.798720
0.804864
0.822272
0.862208
0.845824
30.457855
0.866304
0.827392
0.820224
0.855040
0.942080
0.877568
0.922624
0.824320
0.858112
31.531008
0.792576
0.858112
0.834560
0.877568
0.811008
0.867328
0.873472
0.868352
0.858112
26.871807
0.829440
0.818176
0.814080
0.818176
0.812032
0.874496
0.811008
0.805888
0.792576
62.734337
0.869376
0.813056
0.877568
0.871424
0.925696
0.868352
0.877568
0.862208
0.875520
24.463360
0.846848
0.848896
0.802816
0.808960
0.887808
0.831488
0.909312
0.796672
0.831488
81.571838
1.126400
1.129472
1.074176
1.150944
1.207328
1.148960
1.133536
1.152000
1.139712
52.346882
1.103904
1.097696
1.087488
1.092608
1.146880
1.125344
1.090592
1.137664
1.158144
55.510017
1.121248
1.149952
1.146880
1.168352
1.149952
1.170400
1.147904
1.132512
1.160192
66.520065
5.357568
5.317632
5.367808
5.369888
5.316576
5.303296
5.317632
5.452832
5.346336
32.736256
1.730528
1.700896
1.681376
1.680384
1.743872
1.701856
1.731584
1.732576
1.668096
38.203423
1.965056
1.903648
1.966048
1.921024
2.088960
2.014176
1.944544
1.934336
1.943552
45.894688
2.235360
2.220000
2.232288
2.398176
2.206720
2.146304
2.238464
2.153472
2.237472
