0.000627
0.000624
0.000624
0.000624
0.000673
0.000627
0.000626
0.000629
0.000621
0.000626
0.000626
0.000627
0.000649
0.000625
0.000627
0.000626
0.000625
0.000625
0.000625
0.000629
0.000627
0.000624
0.000626
0.000627
0.000626
0.000623
0.000625
0.004688
0.004653
0.004650
0.004657
0.004662
0.001085
0.000982
0.000980
0.001019
0.000978
0.000979
0.000983
0.000981
0.000982
0.000980
0.000982
0.001024
0.000981
0.000982
0.000983
0.000985
0.000981
0.000983
0.000983
0.000978
0.000982
0.000984
0.000983
0.000981
0.000993
0.000987
0.000984
0.000979
0.000982
0.000983
0.000978
0.000982
0.000985
0.000981
0.000983
0.000992
0.001018
0.000984
0.000983
0.000987
0.000993
0.000980
0.000979
0.000981
0.000981
0.000987
0.000984
0.000984
0.000983
0.000980
0.000981
0.000990
0.001018
0.000990
0.000982
0.001009
0.001000
0.000995
0.001024
0.000981
0.000982
0.000980
0.000993
0.000980
0.000984
0.000980
0.000981
0.000981
