50.284512
17.022943
17.054752
17.019936
17.068064
17.039360
16.940001
16.994305
16.870399
16.952288
16.992289
16.918528
16.950304
16.949247
17.001472
17.050592
17.143808
17.047585
17.002464
17.007584
17.011681
17.028095
16.976896
17.018881
16.826336
16.962591
17.040417
17.076223
17.084415
17.006592
16.987104
17.017887
17.037312
16.953344
17.041409
17.092607
17.026049
17.051647
17.097759
16.983007
16.996351
17.021919
17.026049
17.017824
16.934912
17.032160
17.068031
16.943104
17.113056
16.991232
17.065952
