0.000202
0.000182
0.000182
0.000181
0.000180
0.000181
0.000196
0.000182
0.000181
0.000198
0.000249
0.000181
0.000180
0.000241
0.000181
0.000181
0.000183
0.000181
0.000183
0.000222
0.000203
0.000193
0.000236
0.000201
0.000182
0.000225
0.000181
0.000182
0.000181
0.000184
0.000182
0.000187
0.000181
0.000188
0.000179
0.000181
0.000181
0.000182
0.000183
0.000204
0.000232
0.000182
0.000180
0.000181
0.000202
0.000181
0.000180
0.000181
0.000181
0.000181
0.000208
0.000183
0.000182
0.000182
0.000232
0.000182
0.000181
0.000196
0.000181
0.000203
0.000191
0.000195
0.000183
0.000183
0.000182
0.000206
0.000200
0.000205
0.000181
0.000196
0.000201
0.000181
0.000181
0.000256
0.000223
0.000182
0.000191
0.000216
0.000182
0.000185
0.000221
0.000260
0.000220
0.000213
0.000182
0.000221
0.000260
0.000191
0.000182
0.000182
0.000182
0.000181
0.000248
0.000181
0.000226
0.000222
0.000182
0.000203
0.000181
0.000180
