39.875584
2.235392
2.222080
2.244608
2.198528
2.233344
2.173952
2.234368
2.316288
2.258944
2.185216
2.192384
2.207744
2.227200
2.212864
2.231296
2.183168
2.186240
2.224128
2.195456
2.249728
2.191360
2.209792
2.192384
2.246656
2.235392
2.152448
2.214912
2.226176
2.264064
2.192384
2.193408
2.194432
2.220032
2.213888
2.206720
2.222080
2.129920
2.203648
2.242560
44.432384
2.206720
2.188288
2.225152
2.164736
2.275328
2.206720
2.247680
2.156544
2.231296
2.192384
2.222080
2.212864
2.178048
2.237440
2.166784
2.225152
2.332672
2.237440
2.211840
2.253824
2.210816
2.124800
2.193408
2.143232
2.194432
2.204672
2.198528
2.189312
2.199552
2.200576
2.187264
2.217984
2.238464
2.211840
2.160640
2.201600
2.187264
2.125824
2.214912
