<<<<<<< HEAD
1.182720
1.103872
1.128448
1.132544
1.129472
1.152000
1.133568
1.118208
1.102848
1.123328
1.103872
1.103872
1.103872
1.114112
1.135616
1.147904
1.121280
1.123328
1.116160
1.115136
1.105920
1.180672
1.101824
1.100800
1.115136
1.103872
1.113088
1.115168
1.169408
1.101824
1.101824
1.140736
1.101824
1.147904
1.106944
1.121280
1.188864
1.101824
1.172480
1.124352
1.138688
1.139712
1.102848
1.089536
1.102848
1.087488
1.108992
1.088512
1.110016
1.088544
1.088512
1.090560
1.142784
1.095680
1.087488
1.091584
1.088512
1.090560
1.117184
1.088512
1.161216
1.089536
1.116160
1.088512
1.091584
1.091584
1.097728
1.090592
1.096704
1.104896
1.102848
1.087488
1.105920
1.090560
1.088512
1.103872
1.089536
1.091584
1.156096
1.102848
=======
1.212448
1.137664
1.121280
1.131520
1.111040
1.087488
1.090560
1.088512
1.122304
1.108992
1.102848
1.141760
1.155072
1.088512
1.159168
1.085440
1.100800
1.086464
1.098752
1.100800
1.086464
1.086464
1.084416
1.087488
1.085440
1.084416
1.100800
1.108992
1.081344
1.100800
1.085440
1.093632
1.110016
1.096704
1.097728
1.088512
1.099776
1.086464
1.117184
1.099776
>>>>>>> 19ddcf341d5fc96b930d9dc70e0f7917b4be4c98
