0.653656
0.002229
0.002258
0.002239
0.002234
0.002172
0.002174
0.002170
0.002220
2.104594
0.002183
0.002226
0.016541
0.016608
0.016545
0.016534
0.016593
0.016565
0.745037
0.002239
0.002165
0.002167
0.002233
0.002167
0.002180
0.002170
0.002220
0.666088
0.002291
0.002300
0.002230
0.002195
0.002221
0.002209
0.002251
0.002261
0.600742
0.002223
0.002260
0.002254
0.002228
0.002295
0.002241
0.002307
0.002173
0.603482
0.002230
0.002304
0.002171
0.002206
0.002249
0.002190
0.002202
0.002167
0.614218
0.002199
0.002243
0.002304
0.002233
0.002168
0.002252
0.002231
0.002228
0.002169
0.002298
