0.002185
0.002203
0.002320
0.002128
0.002213
0.002187
0.002290
0.002243
0.002294
0.002212
0.002268
0.002367
0.002219
0.002726
0.002288
0.002258
0.002318
0.002269
0.002143
0.002143
0.002209
0.002188
0.002121
0.002279
0.002168
0.002146
0.002206
0.002126
0.002136
0.002266
0.002170
0.002147
0.002130
0.002132
0.002115
0.002175
0.002129
0.002119
0.002131
0.002190
0.002151
0.002130
0.002181
0.002154
0.002131
0.002173
0.002157
0.002135
0.002126
0.002128
0.002160
0.002125
0.002116
0.002121
0.002170
0.002200
0.002176
0.002223
0.002144
0.002117
0.002207
0.002139
0.002116
0.002106
0.002221
0.002124
0.002146
0.002119
0.002176
0.002176
0.002176
0.002205
0.002153
0.002116
0.002104
0.002133
0.002136
0.002497
0.002183
0.002190
0.002114
0.002133
0.002132
0.002139
0.002192
0.002122
0.002172
0.002110
0.002149
0.002202
0.002179
0.002176
0.002133
0.002132
0.002160
0.002187
0.002140
0.002159
0.002119
0.002137
