0.872562
0.000194
0.000270
0.000212
0.000210
0.000177
0.000281
0.000210
0.000206
0.000216
0.000213
0.000231
0.000186
0.000206
0.000227
0.000222
0.000201
0.000204
0.000207
0.000335
0.000266
0.000237
0.000257
0.000229
0.000255
0.000191
0.000236
0.000201
0.000202
0.000230
0.000234
0.000197
0.000286
0.000291
0.000268
0.000318
0.000263
0.000287
0.000319
0.000272
0.000197
0.000362
0.000259
0.000259
0.000250
0.000241
0.000241
0.000239
0.000197
0.000219
0.000289
0.000242
0.000247
0.000246
0.000264
0.000237
0.000262
0.000243
0.000244
0.000222
0.000265
0.000246
0.000246
0.000249
0.000241
0.000262
0.000250
0.000302
0.000260
0.000229
0.000266
0.000244
0.000252
0.000260
0.000292
0.000234
0.000329
0.000275
0.000259
0.000220
0.000237
0.000246
0.000257
0.000256
0.000253
0.000293
0.000286
0.000360
0.000227
0.000257
0.000179
0.000297
0.000311
0.000393
0.000265
0.000230
0.000276
0.000252
0.000290
0.000260
0.000288
