45.717472
28.353537
28.338177
28.308449
28.332064
28.320768
28.334047
28.318720
28.353537
28.369921
28.341248
28.316704
28.354561
28.345345
28.386305
28.231647
28.325855
28.303360
28.340223
28.282911
28.270592
28.342239
28.402687
28.280800
28.273697
28.291073
28.283936
28.387327
28.465120
28.508192
28.446753
28.416033
28.318687
28.480513
28.346336
28.382240
28.325888
28.454880
28.326944
28.289057
28.323839
28.539936
28.346369
28.242912
28.346336
28.391392
28.325888
28.320768
28.308479
28.320768
