0.000068
0.000045
0.000114
0.000045
0.000044
0.000045
0.000045
0.000045
0.000129
0.000045
0.000089
0.000091
0.000092
0.000075
0.000097
0.000078
0.000073
0.000134
0.000079
0.000109
0.000045
0.000088
0.000056
0.000045
0.000057
0.000075
0.000045
0.000045
0.000045
0.000073
0.000086
0.000044
0.000044
0.000054
0.000045
0.000044
0.000044
0.000050
0.000063
0.000142
0.000045
0.000084
0.000061
0.000044
0.000077
0.000044
0.000065
0.000083
0.000119
0.000057
0.000044
0.000046
0.000045
0.000044
0.000052
0.000044
0.000060
0.000044
0.000059
0.000044
0.000050
0.000045
0.000068
0.000045
0.000074
0.000044
0.000082
0.000075
0.000059
0.000095
0.000046
0.000057
0.000045
0.000047
0.000050
0.000169
0.000062
0.000124
0.000045
0.000045
0.000044
0.000044
0.000044
0.000106
0.000111
0.000044
0.000060
0.000045
0.000045
0.000066
0.000079
0.000094
0.000100
0.000044
0.000160
0.000046
0.000045
0.000044
0.000093
0.000061
0.000153
