23.595039
6.431552
6.416480
6.403808
6.446336
6.447616
6.460992
6.472768
6.405632
6.506336
6.433792
6.353920
6.344704
6.306816
6.325248
6.286336
6.261760
6.287360
6.274048
6.294528
6.338560
6.333440
6.306816
6.317056
6.303744
6.294528
6.283264
6.280192
6.280192
6.289408
7.141792
7.029120
6.462752
55.062271
55.002464
55.216160
55.054848
55.009602
54.950977
55.080288
7.483680
6.476992
6.386176
6.517664
6.420928
6.421184
6.478752
6.505984
6.460448
6.517248
6.549952
6.502752
6.397952
6.494944
6.456192
6.478848
55.129280
55.038078
54.891136
55.026176
7.016288
6.550912
6.446656
6.430144
6.427104
6.452288
6.400672
6.416256
6.519456
6.482560
6.419456
6.373376
6.330368
6.300672
6.303744
6.328320
6.290432
6.265856
6.345728
6.208512
