0.992064
0.581984
0.620480
0.552736
0.584960
0.516192
0.534336
0.543008
0.563072
0.634464
0.607328
0.560160
0.549760
0.609760
0.619328
0.602400
0.815072
0.632992
0.512480
0.566816
0.606976
0.859072
0.622368
0.578400
0.600352
0.592640
0.612544
0.545280
0.573472
0.691360
0.612352
0.653760
0.943680
0.624160
0.559328
0.565536
0.568992
0.592480
0.577376
0.561216
1.058176
0.611328
0.632288
0.636256
0.556768
0.583840
0.666944
0.734272
0.573504
0.586272
0.556640
0.915328
0.585024
0.567648
0.696224
0.604928
0.672704
0.534752
0.529152
0.630592
0.578880
0.536288
0.600448
0.559424
0.622272
0.559264
0.548352
0.613312
0.581248
0.606496
0.604000
0.514144
0.577056
0.647936
0.633248
0.804672
0.599296
0.784224
0.584096
0.648320
