0.140288
0.067584
0.052224
0.050176
0.048128
0.065536
0.058368
0.061440
0.070656
0.182272
0.063488
0.099328
0.128000
0.063488
0.116736
0.067584
0.080896
0.066560
0.067584
0.065536
0.063488
0.058368
0.097280
0.064512
0.067584
0.092160
0.118784
0.068608
0.121856
0.106496
0.122880
0.133120
0.143360
0.067584
0.059392
0.123904
0.060416
0.063488
0.079872
0.091136
0.166912
0.056320
0.065536
0.048128
0.055296
0.055296
0.087040
0.113664
0.072704
0.218112
0.059392
0.077824
0.068576
0.119808
0.064512
0.078848
0.065536
0.072704
0.060416
0.053248
0.051200
0.047104
0.114688
0.071680
0.190464
0.061440
0.092160
0.069632
0.056320
0.068608
0.049152
0.057344
0.056320
0.059392
0.091136
0.072704
0.055296
0.098304
0.049152
0.083968
