6.652928
6.493184
6.470656
6.427648
6.418432
6.071296
6.039552
6.003712
5.994496
6.032384
5.682176
5.708800
5.673984
5.676032
5.673984
5.693440
5.691392
5.735424
5.702656
5.693440
5.709824
5.712896
5.693440
5.722112
5.708800
5.778432
5.709824
5.700608
5.690368
5.690368
5.702656
5.739520
5.708800
5.690368
5.699584
5.720064
5.735424
5.703680
5.723104
5.708800
6.584320
6.446080
6.454272
6.432768
6.425600
6.436864
6.426624
6.427648
6.424576
6.437888
6.412288
6.412288
6.420480
6.422528
6.326272
6.278144
6.269952
6.272000
6.268928
6.288384
6.268928
6.292480
6.011904
6.064128
5.729280
5.693440
5.705728
5.728256
5.700608
5.690368
5.692416
5.703680
5.705728
5.688320
5.692416
5.711872
5.722144
5.690368
5.704704
5.739520
