0.000000
0.000000
0.000000
0.000000
0.000000
0.000000
0.000000
0.000000
0.000000
0.000000
0.000000
0.000000
0.000000
0.000000
0.000000
0.000000
0.000000
0.000000
0.000000
0.000000
948.957153
0.863296
1.071200
0.992768
0.635040
0.867104
0.782752
1.642496
1.071808
0.846080
0.809408
0.128576
0.235936
0.207744
0.223712
0.149632
0.145856
0.229120
0.125760
0.237376
150.933792
168.311386
210.434311
100.587234
94.089439
94.403458
94.501663
165.047424
229.619873
113.837181
61.258015
0.192896
0.201920
0.218816
0.222560
0.208256
0.123808
0.177920
0.186240
0.213152
0.558304
0.145536
0.223744
0.265248
0.212064
0.258432
0.172352
0.144128
0.244064
0.232512
0.607968
0.199232
0.220096
0.211424
0.218208
0.264448
0.167488
0.130784
0.175840
0.219232
281.431763
229.922501
229.975555
229.823395
229.958588
229.831238
229.960861
229.929535
229.991623
229.788803
0.000000
0.000000
0.000000
0.000000
0.000000
0.000000
0.000000
0.000000
0.000000
0.000000
0.000000
0.000000
0.000000
0.000000
0.000000
0.000000
0.000000
0.000000
0.000000
0.000000
84.836418
0.365632
0.303296
0.286560
0.277824
0.132288
0.199552
0.184320
0.537760
0.279424
79.161026
0.197664
0.157120
0.237248
0.240448
0.267392
0.261792
0.195904
0.220160
0.229664
0.000000
0.000000
0.000000
0.000000
0.000000
0.000000
0.000000
0.000000
0.000000
0.000000
0.000000
0.000000
0.000000
0.000000
0.000000
0.000000
0.000000
0.000000
0.000000
0.000000
0.000000
0.000000
0.000000
0.000000
0.000000
0.000000
0.000000
0.000000
0.000000
0.000000
0.413376
0.298336
0.323488
0.323456
0.308064
0.318272
0.341824
0.307200
0.330816
0.353088
1.075008
0.607616
0.283808
0.291072
0.279296
0.293600
0.385504
0.298336
0.543520
0.265792
1.024480
0.289696
0.440352
0.275680
0.279424
0.285248
0.469600
0.263296
0.275328
0.320896
0.902624
0.274496
0.336800
0.282496
0.319680
0.318528
0.301792
0.319680
0.297024
0.536224
0.748320
0.301216
0.369152
0.327392
0.349632
1.088928
0.320832
0.297536
0.300064
0.327072
1.095584
0.357792
0.713056
0.339424
0.825728
0.316544
0.593344
0.273408
0.613216
0.246592
0.569696
0.331904
0.792064
0.263872
0.583648
0.313152
0.710944
0.407744
0.701632
0.489440
0.728256
0.284832
0.918944
0.309280
0.589792
0.297760
0.539904
0.285536
0.590592
0.240864
0.577216
0.309984
0.604288
0.314240
0.624832
0.326176
0.627232
0.553696
0.730272
0.326464
0.785376
0.395904
0.590688
0.307552
0.572416
0.292832
0.622912
0.256192
0.672128
0.305920
0.603136
0.327936
0.607552
0.324032
0.578464
0.312960
0.687456
0.531616
0.548032
0.356128
1.760288
0.304320
0.637920
0.345888
0.640960
0.300960
0.578720
0.250912
0.539360
0.269312
0.564672
0.313760
0.568928
0.330784
0.530592
0.387136
0.894336
0.300096
0.583360
0.248576
147.796829
0.309728
0.476512
0.269184
0.240416
0.239200
0.317824
0.254240
0.222272
0.222080
1.955648
0.283904
0.291008
0.331296
0.291008
0.255360
0.280000
0.301088
0.301536
0.312800
1.356576
0.000000
0.000000
0.000000
0.000000
0.000000
0.000000
0.000000
0.000000
0.000000
0.000000
0.000000
0.000000
0.000000
0.000000
0.000000
0.000000
0.000000
0.000000
0.000000
0.000000
0.000000
0.000000
0.000000
0.000000
0.000000
0.000000
0.000000
0.000000
0.000000
1.208448
0.647264
0.638432
0.604480
0.568480
0.844608
0.562016
0.845120
0.706432
0.607936
1.197120
124.742722
0.200800
91.280830
1.183744
149.050629
0.551616
76.115875
0.152288
106.735298
0.495328
129.113754
0.641664
76.952515
0.565120
93.320801
0.651072
77.123070
0.296928
77.770302
0.430592
102.467491
0.593888
79.524353
0.498976
268.752167
0.738016
546.327393
235.869720
1087.024780
0.720096
110.931297
0.778592
65.167107
0.856480
2.059616
0.791168
1.624512
0.808192
0.908992
0.713024
84.883392
0.597344
79.265953
0.930432
76.999168
0.620416
406.183899
384.991913
797.687378
980.206665
944.631958
567.529846
861.078613
902.486755
559.950378
594.465698
3.278080
3.153440
1.551808
0.627936
87.788353
0.283008
94.938339
0.170912
2535.729736
2850.297852
2093.495361
2997.578125
70.690308
0.235584
0.470720
0.250784
0.451744
0.265088
0.600832
0.229472
0.496608
0.238656
89.295486
0.181952
77.891838
0.331616
0.693152
1.082528
66.751488
0.151104
118.811455
0.174176
0.512672
0.170592
106.645790
0.655872
7.550240
7.233024
7.520576
7.504736
7.235648
7.723008
7.725952
7.468960
7.896640
7.321952
84.738464
0.173888
88.147682
7.410624
134.575623
38.909374
97.703072
0.159456
95.037537
0.152864
7.528512
7.496096
84.799011
0.184384
7.482592
7.445408
104.844444
13.994624
93.651329
13.878368
0.728896
0.685120
0.812192
0.619968
0.842112
0.636320
0.692832
0.817280
1.233760
0.736160
0.591616
0.598016
0.733120
0.840576
0.675232
0.621600
0.710272
0.601504
0.803168
0.597536
0.619712
0.638016
0.597088
0.582336
0.594304
0.789760
0.596864
0.859552
14.168064
13.987232
13.840576
13.899296
13.934976
13.959008
13.983680
13.956224
14.048320
14.002048
4.095872
3.503936
3.514048
3.477824
3.466656
3.484032
3.799552
3.433664
4.061600
3.914752
3.804704
3.421344
3.475328
3.450016
3.457056
3.448320
3.473344
3.505376
3.469376
3.486304
2.517312
0.270240
0.221472
0.312480
0.228192
0.259296
0.293152
0.291424
0.442528
0.315840
1.167104
0.257664
0.325760
0.338560
0.292448
0.320096
0.311168
0.413376
0.426944
0.351072
100.051262
0.326560
0.292928
0.354304
0.271584
0.421600
0.285920
0.299520
0.262688
0.274240
3.776416
3.361056
3.351264
3.357664
3.537760
3.337472
3.307200
3.394848
3.416448
3.456512
90.993057
0.083392
0.128512
0.102368
0.139616
0.096032
0.076288
0.077216
0.213088
0.078624
3.782112
3.444960
3.794496
3.428896
3.459584
3.411808
3.511040
3.389984
3.488256
3.455264
1.083232
0.188448
0.252896
0.273760
0.181024
0.229280
0.151360
0.100608
0.223424
0.092000
3.665888
3.512896
3.469344
3.501280
3.461152
3.622016
3.457408
3.465376
3.435264
3.424064
3.906272
3.480384
3.445632
3.456416
3.353216
3.428096
3.426944
3.614048
3.649184
3.518496
157.520706
28.675680
28.756607
28.663456
28.582081
29.073729
29.301952
29.197151
29.319103
29.188448
96.810013
28.774336
28.443457
28.693567
28.590528
29.057280
29.150656
29.086016
28.984961
29.107264
62.078880
0.108320
0.173664
0.140736
0.072864
0.203296
0.071968
0.215104
0.069280
0.077664
0.509152
0.120928
0.304160
0.099424
0.160832
0.144448
0.105952
0.164544
0.108480
0.098240
13.365664
0.238880
0.242816
0.289312
0.287712
0.182336
0.351584
0.239360
0.327840
0.201984
75.200798
0.136576
0.125472
0.184224
0.186208
0.153568
0.215776
0.107936
0.199040
0.097312
67.163170
1.714336
1.699552
1.680288
1.734688
1.721056
1.712000
1.696256
1.725696
1.711264
90.415169
2.073536
2.093632
2.102656
2.088864
2.050560
2.019328
2.235648
2.099296
2.024704
91.674271
0.157312
0.132384
0.071808
0.146624
0.075520
0.181248
0.080416
0.195648
0.081984
71.038147
1.443712
1.386912
1.404224
1.459424
1.468896
1.350464
1.334368
1.409568
1.485568
2.147008
1.962944
1.973376
1.962496
1.945408
2.067680
2.195328
2.341344
2.091360
1.992000
89.346367
2.034752
2.338144
1.972160
1.983584
2.147136
1.947296
1.989728
1.949760
2.006432
992.143982
775.264954
751.564697
741.820190
745.305786
905.751526
703.168396
907.658936
915.995056
910.330688
2.349504
1.977888
2.003712
1.981280
1.960992
1.948864
2.018752
1.983552
1.941408
2.000576
145.495239
0.137760
0.138528
0.100992
0.389728
0.103968
0.136320
0.078560
0.270976
0.101824
78.674881
1.771840
2.055168
1.855456
1.897376
1.817664
1.843360
1.831680
1.768480
1.752032
20.257952
1.960448
2.004864
1.966080
2.023520
2.019648
2.027392
1.986528
2.012320
1.993344
0.669184
0.593024
0.307200
0.303328
0.423392
0.362464
0.341120
0.344224
0.312128
0.289696
0.586208
0.120384
0.115776
0.115520
0.086592
0.070816
0.086272
0.107520
0.111648
0.104832
109.869537
0.103360
0.158176
0.090016
0.384576
0.109248
0.075936
0.128384
0.134880
0.073216
81.282372
0.147232
0.151680
0.135328
0.149248
0.136064
0.115552
0.134656
0.078368
0.239104
71.406975
0.300736
0.521760
0.234208
0.322272
0.271232
0.236640
0.257408
0.289184
0.284960
0.811872
0.252896
0.304256
0.226304
0.289920
0.286432
0.260160
0.252864
0.246336
0.250816
69.859581
0.267648
0.319552
0.252416
0.297568
0.296640
0.271648
0.259936
0.420064
0.240512
1.321504
0.304544
0.333376
0.326016
0.298208
0.248672
0.283392
0.281088
0.293600
0.286880
3.578752
3.216320
3.262528
3.218208
3.176192
3.279040
3.225408
3.219776
3.367840
3.331360
1.422784
0.679712
0.600800
0.641056
0.601120
0.656864
0.627328
0.715424
0.740224
0.726816
1.020320
0.498688
0.446304
0.457120
0.537792
0.509600
0.453824
0.428960
0.466176
0.452640
106.905731
14.862240
14.682208
14.821472
14.909504
14.764160
14.582656
14.680736
14.604256
14.519616
66.294334
0.209216
0.133888
0.100384
0.129312
0.289184
0.081344
0.197376
0.280704
0.251424
58.917919
0.383392
0.413632
0.332320
0.447520
0.392640
0.372064
0.319264
0.397280
0.366944
93.631004
0.137120
0.127712
0.162016
0.088288
0.154560
0.140192
0.090720
0.162176
0.223808
54.377216
0.183776
0.093728
0.141408
0.152544
0.161024
0.085600
0.226112
0.134880
0.163520
84.585472
0.115584
0.237856
0.081952
0.165376
0.133760
0.150688
0.128640
0.150912
0.188832
73.808670
0.164480
0.146272
0.207840
0.175040
0.149984
0.230816
0.108256
0.238912
0.144320
2958.257324
3023.451416
3570.928711
46.042431
0.147328
0.172928
78.206146
0.465600
0.191200
0.497728
0.371392
0.410208
61.724960
6.916320
6.804064
103.462784
22.607937
22.730816
90.445503
0.133344
0.168704
95.096382
40.032578
39.997410
97.773407
40.733250
40.661022
39.555233
39.715679
39.477184
32.241310
31.643360
31.572992
75.339935
74.762817
74.707230
41.336033
40.461952
41.042786
40.700802
40.707809
41.515041
38.755424
39.050560
38.568447
40.826080
40.669441
40.675903
40.610271
40.651810
40.600224
5.409856
5.263680
5.281216
132.731873
40.009216
39.960129
40.195042
39.942753
40.184769
92.312866
40.260895
40.165470
63.760128
5.232288
5.303744
76.649918
5.365152
5.318752
10.633376
10.654272
10.587744
10.572928
10.617920
10.537344
5.464608
5.355424
5.320352
5.664480
5.342752
5.390624
110.092957
10.511584
10.457280
62.241344
10.551552
10.635648
10.601440
10.554880
10.519456
5.456032
5.290048
5.332672
40.289536
40.229824
40.075615
10.726272
10.527168
10.505824
104.559555
20.878719
20.865185
0.000000
0.000000
0.000000
598.329102
977.262451
738.610046
464.294983
952.343262
642.607849
5.062176
4.876928
4.822208
5.512800
4.855776
4.778144
73.261024
0.200192
0.261504
52.352161
0.180320
0.294304
67.555588
0.264224
0.186496
375.773621
293.541748
293.358429
62.440414
0.492384
0.473856
0.742464
0.515808
0.382592
60.526047
0.425248
0.398336
66.688255
4.855744
4.914976
5.003936
5.058016
4.931040
68.992928
0.324896
0.369824
73.028893
0.273056
0.170048
5.317856
39.917919
39.974529
65.060989
0.225696
0.168672
62.535873
0.272640
0.148832
89.821121
0.167008
0.227584
0.355360
0.162816
0.472864
172.505310
201.505402
315.398743
8.155392
5.388000
5.352608
162.312866
5.754752
5.401120
5.610240
5.393152
5.330400
5.896128
5.522464
5.497280
5.500544
5.410496
5.364000
60.826431
5.345952
5.333568
72.051903
0.517920
0.541760
1.254880
0.572704
0.573344
0.597248
0.577984
0.520992
40.046112
40.203327
40.140766
0.958432
1.213152
0.912896
1.635968
1.530848
1.500992
3.209440
3.156448
3.220864
