1.879616
1.761344
1.798144
1.749568
1.794848
1.812896
1.863168
1.999584
1.788256
1.768640
1.790144
1.779456
1.807680
1.768640
1.776768
1.770976
1.723936
1.772480
1.856128
1.750304
1.769824
1.767680
1.821824
1.913728
1.787584
1.801376
1.847008
1.983168
1.855040
1.842880
1.809280
1.790912
1.922144
1.937792
1.824768
1.802528
1.763072
1.786016
1.751808
1.759232
2.111712
1.819808
1.846784
1.947136
1.754176
2.021280
1.768960
1.839872
1.964576
2.082432
1.787424
1.777856
1.747712
1.785024
1.796928
1.775136
1.977504
1.743936
1.780224
1.777056
1.747616
1.764864
1.781632
1.801088
1.812032
1.753952
1.739648
1.790496
1.858656
1.821792
1.877536
1.744896
1.775520
1.818336
1.807488
1.817248
1.875904
1.791104
1.765664
1.758816
